0 0.124725 0.398438 0.0378703 0.0373706
0 0.755139 0.849608 0.0353902 0.0171097
0 0.668151 0.681773 0.0144591 0.0219165
0 0.416619 0.820753 0.0218662 0.0260933
0 0.577688 0.865415 0.0169905 0.0157646
0 0.383088 0.806195 0.033432 0.0224757
0 0.414021 0.822695 0.0224431 0.0261604
0 0.389157 0.805582 0.0268562 0.0209279
0 0.375043 0.803404 0.0326046 0.0184757
0 0.412856 0.825934 0.0218678 0.0229179
0 0.65331 0.710744 0.017197 0.0161037
0 0.264186 0.557186 0.0207978 0.0203978
0 0.414871 0.823292 0.0274687 0.0306172
0 0.37136 0.800164 0.0250512 0.0223452
0 0.444713 0.834342 0.0166857 0.0254204
0 0.551838 0.865879 0.0161427 0.0157463
