0 0.299065 0.187247 0.0347124 0.042105
0 0.868661 0.928565 0.0260887 0.0262711
0 0.597529 0.866084 0.0659286 0.0227544
0 0.553613 0.671046 0.0208704 0.0120212
0 0.53284 0.477871 0.0143687 0.0178011
0 0.748568 0.764373 0.0155751 0.0222174
0 0.765806 0.815686 0.0344701 0.0297885
0 0.489443 0.4194 0.0312678 0.0342933
0 0.600538 0.583033 0.019459 0.0244631
0 0.769727 0.788071 0.0310761 0.0266747
0 0.656813 0.535191 0.0200301 0.0311398
0 0.591945 0.512504 0.024044 0.0261972
0 0.610637 0.54656 0.0182664 0.02257
0 0.652795 0.57386 0.0158701 0.0148318
0 0.616568 0.553538 0.0254772 0.0307585
0 0.586412 0.507458 0.0302972 0.0242466
0 0.4858 0.412891 0.0310562 0.0316434
0 0.655353 0.531119 0.0243595 0.0328394
0 0.653028 0.522689 0.0275265 0.0249489
0 0.597567 0.506611 0.025951 0.0251691
0 0.61339 0.549648 0.0220726 0.0249552
0 0.626673 0.617509 0.0183216 0.0227103
0 0.59098 0.50965 0.0353533 0.0295286
0 0.647315 0.531551 0.0292818 0.0308313
0 0.65278 0.578357 0.0178223 0.0253197
0 0.649204 0.575304 0.0192156 0.0173949
0 0.647559 0.578865 0.0203272 0.0232786
0 0.686244 0.967111 0.0117297 0.0138456
