0 0.867475 0.419004 0.0213407 0.0205984
0 0.792614 0.383089 0.0179951 0.024537
0 0.812263 0.448758 0.0209362 0.0230482
0 0.803918 0.231771 0.00813416 0.0211093
0 0.754026 0.457751 0.0110529 0.0186548
0 0.783224 0.274208 0.00798805 0.0217883
0 0.837383 0.315775 0.0171178 0.0268095
0 0.797101 0.505958 0.0152969 0.0223045
0 0.863356 0.598205 0.0155373 0.0143079
0 0.735559 0.390391 0.0140772 0.0262467
0 0.770555 0.352493 0.0114675 0.0157857
0 0.805586 0.0350404 0.00879326 0.0179162
0 0.753895 0.326822 0.00739098 0.02148
0 0.820988 0.26213 0.0123385 0.0141692
0 0.763188 0.487978 0.0131967 0.0167068
0 0.594066 0.453404 0.0280937 0.0346088
0 0.916769 0.332433 0.011703 0.0234154
0 0.768755 0.20336 0.0127893 0.0200944
0 0.77297 0.069866 0.00970238 0.0232496
0 0.722769 0.0448994 0.00939911 0.0211263
0 0.782963 0.515299 0.0127672 0.0152987
0 0.766764 0.603549 0.0222068 0.0223212
0 0.835909 0.0712357 0.016974 0.00695774
0 0.821129 0.345702 0.0157616 0.024975
0 0.931952 0.77602 0.0089756 0.0119667
0 0.751451 0.356134 0.012068 0.0160233
0 0.908287 0.776448 0.0159107 0.012958
0 0.828145 0.344704 0.0199562 0.0218394
0 0.673902 0.102385 0.012112 0.028084
0 0.668727 0.0560028 0.0118609 0.0164172
