0 0.701977 0.535612 0.0387466 0.0354317
0 0.517523 0.918751 0.0165764 0.021151
0 0.627802 0.77706 0.0150349 0.0173824
0 0.760656 0.489881 0.0427725 0.0370535
0 0.566155 0.667963 0.0459882 0.0485191
0 0.495236 0.758211 0.0407009 0.0533984
0 0.894436 0.405396 0.0270892 0.0184307
0 0.5974 0.803647 0.0150572 0.0191344
0 0.546476 0.863028 0.0146885 0.0205315
0 0.526382 0.711506 0.0254608 0.0221874
0 0.699327 0.721541 0.0154991 0.0154375
0 0.657006 0.568668 0.0226739 0.0201162
0 0.6627 0.697953 0.0191296 0.0195798
0 0.958045 0.373636 0.0489811 0.0265351
0 0.653451 0.956453 0.0250634 0.0230734
0 0.634434 0.589084 0.0206839 0.0157261
0 0.738819 0.65285 0.0165732 0.0151669
0 0.556774 0.992087 0.00865654 0.0123288
0 0.964912 0.369891 0.0371048 0.020962
