0 0.0673906 0.682276 0.00846811 0.0234066
0 0.0275442 0.947065 0.01338 0.029258
0 0.0160911 0.6368 0.00960337 0.0214738
0 0.0260038 0.693137 0.0119938 0.0246794
0 0.0583814 0.601147 0.00893507 0.0208454
0 0.0471265 0.558227 0.011624 0.0201558
0 0.0912236 0.709208 0.00690933 0.0177052
0 0.0149904 0.495443 0.0173178 0.0199229
0 0.116906 0.622183 0.0173321 0.0453909
0 0.0955128 0.979291 0.0109558 0.0185616
0 0.0265653 0.755891 0.010802 0.0138438
0 0.0594773 0.715338 0.00825255 0.0234398
0 0.0971483 0.889175 0.00984328 0.0247238
0 0.0595846 0.895717 0.0185588 0.0153297
0 0.0423294 0.988102 0.0237774 0.0198751
0 0.0517786 0.637442 0.00969625 0.0208682
0 0.130766 0.853526 0.0130279 0.0122101
0 0.116999 0.929215 0.0070759 0.0119537
0 0.0970834 0.886329 0.00912101 0.0181339
0 0.124215 0.715849 0.0198635 0.0204947
0 0.0126719 0.52451 0.015141 0.0201162
0 0.0381995 0.662178 0.012473 0.0193455
0 0.0693254 0.906582 0.0247468 0.0191101
0 0.0754503 0.545777 0.0153782 0.0168722
0 0.140383 0.88095 0.0152281 0.0190624
0 0.0789397 0.54521 0.0199555 0.0172352
0 0.0699346 0.819089 0.0255305 0.0184262
0 0.0754883 0.907124 0.0135711 0.0173983
0 0.0312051 0.429951 0.0156475 0.0208403
0 0.0645833 0.896082 0.0265054 0.0155357
0 0.0779724 0.819428 0.0200945 0.0163174
0 0.039169 0.910275 0.0110838 0.0171799
0 0.127218 0.984975 0.00915852 0.0128441
0 0.0362986 0.794103 0.0110839 0.0231503
