0 0.487608 0.286969 0.0759108 0.130333
0 0.289511 0.417382 0.0490828 0.0472754
0 0.403107 0.461888 0.0302555 0.0428038
0 0.818559 0.675634 0.0582252 0.07769
0 0.623046 0.784852 0.0595127 0.0313161
0 0.960958 0.482049 0.0627171 0.0855921
0 0.773475 0.301925 0.0925886 0.0452395
0 0.333445 0.0988206 0.0932153 0.12555
0 0.124762 0.00898172 0.0218387 0.0179046
0 0.377035 0.856169 0.039487 0.0393204
0 0.615816 0.789366 0.0727533 0.0280459
0 0.214816 0.539551 0.0159811 0.0153469
0 0.773553 0.298475 0.0794836 0.034388
0 0.965359 0.475086 0.0530237 0.0695857
