0 0.540917 0.235772 0.0474049 0.0410429
0 0.6033 0.273515 0.0552237 0.0436637
0 0.855274 0.784299 0.0195582 0.0196402
0 0.67735 0.549859 0.018681 0.0223959
0 0.925936 0.831073 0.016452 0.0235893
0 0.893862 0.82219 0.0183254 0.0218109
0 0.947762 0.868754 0.0169545 0.024438
0 0.871235 0.514996 0.0314496 0.0448246
0 0.74664 0.654918 0.0114346 0.01757
0 0.273408 0.135546 0.063316 0.027027
0 0.953973 0.935745 0.0169582 0.0162704
0 0.956821 0.977348 0.0186954 0.0160477
0 0.730255 0.35554 0.0487577 0.0320485
0 0.471661 0.201388 0.0644346 0.0336141
0 0.973483 0.91795 0.0142818 0.0188583
0 0.980648 0.952717 0.00754013 0.0159314
0 0.731745 0.629975 0.0160418 0.0132294
0 0.884859 0.871397 0.0157402 0.0170413
0 0.939091 0.629502 0.0281122 0.0468672
0 0.843379 0.853374 0.00888901 0.0138092
0 0.862718 0.846789 0.0138148 0.0183031
0 0.703642 0.64318 0.00907387 0.0191975
0 0.824252 0.77324 0.013515 0.0183311
0 0.915659 0.925631 0.0118179 0.016876
0 0.841108 0.821873 0.0170029 0.0220108
0 0.0176312 0.122758 0.0352623 0.0176128
0 0.974033 0.686793 0.0298611 0.043584
0 0.34904 0.159757 0.0547932 0.0223877
0 0.834854 0.82514 0.0194008 0.0225848
0 0.992966 0.730072 0.0140671 0.034597
0 0.113063 0.111672 0.0304108 0.0130371
0 0.83512 0.459439 0.039567 0.0456885
0 0.723464 0.606064 0.0174947 0.0139313
0 0.785967 0.72455 0.0170824 0.0160101
0 0.921298 0.994058 0.0110725 0.00932487
0 0.990882 0.981116 0.0123967 0.017912
0 0.830184 0.456096 0.0315102 0.0364849
0 0.0642323 0.111964 0.034879 0.0128235
0 0.994007 0.926572 0.0101171 0.0155571
0 0.670916 0.316022 0.0395812 0.0241954
0 0.790946 0.411789 0.0451048 0.043287
0 0.903826 0.567185 0.0319778 0.0441061
0 0.82577 0.45315 0.0231799 0.0322899
0 0.374057 0.30638 0.0253558 0.0192228
0 0.840987 0.891839 0.0106628 0.0201897
0 0.789333 0.722985 0.0186703 0.0139314
0 0.802594 0.418133 0.0269653 0.0308073
0 0.0488402 0.282664 0.0117126 0.0242159
0 0.770921 0.676095 0.0119571 0.0138184
0 0.801291 0.746617 0.0114019 0.0133633
0 0.79804 0.415972 0.0352805 0.0346279
0 0.895026 0.91021 0.0156239 0.0137444
0 0.91183 0.862501 0.0125296 0.0206685
0 0.781973 0.409352 0.0279736 0.0425927
0 0.825708 0.798286 0.0130966 0.0156381
0 0.936261 0.902629 0.0126007 0.0166508
0 0.981454 0.951304 0.00736618 0.0173954
0 0.901867 0.953973 0.0151288 0.0138445
