0 0.807119 0.339183 0.0080513 0.0219392
0 0.785326 0.30263 0.0122292 0.0258904
0 0.777748 0.197396 0.013367 0.0291754
0 0.743479 0.303278 0.0078849 0.0200613
0 0.766532 0.445454 0.00909622 0.0239803
0 0.831809 0.257591 0.0075779 0.0137996
0 0.803465 0.981686 0.00831436 0.021641
0 0.852975 0.538752 0.00998184 0.0181909
0 0.720745 0.467862 0.00913239 0.0241893
0 0.805526 0.784863 0.00948898 0.0183801
0 0.802592 0.598276 0.0185105 0.0268882
0 0.716557 0.502741 0.00896973 0.0136546
0 0.836349 0.296426 0.0146431 0.0181509
0 0.709558 0.608773 0.00875015 0.0215954
0 0.870763 0.514315 0.0132183 0.0163679
0 0.76877 0.953209 0.0131283 0.0201973
0 0.845702 0.228688 0.0103619 0.0181527
0 0.741897 0.241475 0.0143197 0.0289247
0 0.742366 0.746572 0.00671524 0.0236997
0 0.797247 0.491887 0.00937324 0.0203937
0 0.722893 0.794909 0.00968575 0.0210815
0 0.790894 0.726231 0.00753883 0.0212283
0 0.842924 0.456486 0.00928993 0.0156232
0 0.773024 0.819843 0.00980408 0.0233653
0 0.865192 0.317337 0.0108565 0.020277
0 0.776659 0.00677188 0.0111096 0.0125952
0 0.835888 0.821264 0.0171238 0.0070755
0 0.69092 0.26214 0.00874435 0.0226779
0 0.677462 0.284029 0.0140432 0.0135269
0 0.80929 0.145787 0.0178098 0.0152195
0 0.847123 0.139216 0.00974777 0.0245686
0 0.880769 0.103503 0.0126869 0.0119731
0 0.786791 0.242136 0.0142052 0.0233725
0 0.867024 0.179193 0.00696144 0.0119547
0 0.793294 0.238696 0.0205898 0.0197876
0 0.67003 0.344803 0.0155014 0.0117393
0 0.847063 0.136095 0.00904823 0.0176676
0 0.655116 0.0185163 0.0123899 0.0186895
0 0.827894 0.400345 0.0167801 0.0248232
0 0.740026 0.364323 0.0216377 0.0285013
0 0.736909 0.361885 0.0190899 0.0232021
0 0.742466 0.730018 0.00809425 0.0138625
0 0.707547 0.141366 0.0222593 0.0153165
0 0.695796 0.0277233 0.0158392 0.0130895
0 0.8905 0.131027 0.0147583 0.0187486
0 0.706801 0.101312 0.0149803 0.0173148
0 0.642553 0.534066 0.0147842 0.0168552
0 0.653897 0.668907 0.0144876 0.0132546
0 0.8259 0.15724 0.0127263 0.0170339
0 0.820024 0.0690693 0.0254265 0.0181757
0 0.860868 0.46977 0.0107548 0.0129412
0 0.819517 0.156685 0.0240208 0.0188134
0 0.761964 0.650529 0.0230989 0.0165121
0 0.827982 0.0694873 0.0200681 0.0162844
0 0.673938 0.852596 0.0121749 0.0285076
0 0.814646 0.14607 0.025922 0.0152433
0 0.758344 0.651546 0.0229673 0.0187347
