0 0.817406 0.682286 0.00847946 0.0233836
0 0.578205 0.348365 0.0146452 0.0225672
0 0.765995 0.636561 0.0105057 0.0221665
0 0.664329 0.26293 0.0308066 0.0549389
0 0.607856 0.374182 0.0125053 0.0237246
0 0.592156 0.39126 0.0147127 0.0259258
0 0.698164 0.324032 0.0383564 0.052789
0 0.542522 0.347562 0.00919788 0.0188082
0 0.777763 0.947298 0.0130731 0.0290077
0 0.744065 0.597198 0.0128663 0.0224607
0 0.533403 0.320332 0.00863392 0.0168697
0 0.797064 0.5582 0.0117128 0.0205698
0 0.765308 0.495763 0.0169836 0.0195045
0 0.808437 0.601099 0.00921188 0.0210411
0 0.610353 0.522357 0.0103138 0.0141494
0 0.643443 0.564223 0.0114757 0.0174067
0 0.776077 0.693249 0.0118582 0.0244981
0 0.744115 0.564113 0.0135963 0.0162563
0 0.841272 0.709211 0.0068573 0.0177393
0 0.583617 0.435851 0.0158697 0.0161509
0 0.866878 0.622286 0.0172588 0.0453228
0 0.728188 0.502822 0.00791924 0.0204906
0 0.63002 0.20024 0.0382027 0.0494601
0 0.8455 0.979229 0.0106251 0.0182983
0 0.557203 0.372727 0.00784782 0.0156447
0 0.516886 0.340887 0.0163258 0.0146872
0 0.590762 0.499632 0.00959606 0.0213301
0 0.603841 0.159614 0.0301559 0.0384891
0 0.626474 0.541943 0.0112978 0.019178
0 0.76106 0.521802 0.0130782 0.0214824
0 0.740105 0.538286 0.0148022 0.0162313
0 0.763569 0.524355 0.0136804 0.0187426
0 0.781508 0.429816 0.0152172 0.0206871
0 0.847132 0.889129 0.00976105 0.0244957
0 0.776717 0.756055 0.010552 0.0129345
0 0.809381 0.895725 0.0179698 0.0151205
0 0.80947 0.715336 0.00821075 0.0232658
0 0.569581 0.0986333 0.0359682 0.051754
0 0.625543 0.503629 0.0128984 0.0230062
0 0.880799 0.853495 0.0128268 0.0120451
0 0.624332 0.499131 0.0130144 0.0277451
0 0.597285 0.470805 0.0100637 0.0153345
0 0.801757 0.637354 0.0097393 0.0210392
0 0.867021 0.929179 0.00698471 0.0118181
0 0.741108 0.987885 0.0152476 0.0223946
0 0.553367 0.463803 0.0124866 0.0136705
0 0.611836 0.422028 0.0258371 0.0200451
0 0.847079 0.886084 0.00907463 0.0176075
0 0.615951 0.426047 0.0262182 0.0247189
0 0.792974 0.987683 0.0214411 0.0184441
0 0.874057 0.715796 0.0195187 0.0206453
0 0.558965 0.397768 0.00971718 0.010389
0 0.589766 0.491781 0.0121268 0.0226331
0 0.788206 0.662193 0.0124929 0.0190713
0 0.706794 0.851337 0.0150007 0.017437
0 0.825297 0.545791 0.0153246 0.0170718
0 0.707639 0.891304 0.0221435 0.0152618
0 0.695772 0.777892 0.0157439 0.0129536
0 0.819921 0.819122 0.0253513 0.0184604
0 0.890444 0.88101 0.0148384 0.0188058
0 0.828027 0.81958 0.0200215 0.0164629
0 0.828874 0.54528 0.0197453 0.0172254
0 0.825913 0.907225 0.0126958 0.0169338
0 0.819508 0.906658 0.0238771 0.0186745
0 0.641832 0.671211 0.013388 0.0140941
0 0.814668 0.895997 0.0258845 0.0149878
0 0.750013 0.388202 0.0279236 0.0268736
0 0.766594 0.409062 0.0090551 0.0111068
0 0.878203 0.805561 0.0112018 0.0283067
0 0.78939 0.909963 0.0106493 0.0166157
