0 0.0719942 0.191126 0.0161513 0.0213461
0 0.078679 0.143286 0.0197728 0.0228004
0 0.228717 0.443978 0.0115819 0.0196404
0 0.128246 0.219037 0.0180957 0.0220789
0 0.108275 0.173462 0.0161155 0.0195934
0 0.0976704 0.301114 0.0170896 0.023053
0 0.350359 0.946797 0.0184218 0.0165948
0 0.0950796 0.222825 0.0118706 0.0175661
0 0.104494 0.331893 0.00947349 0.0183857
0 0.229267 0.78594 0.0319995 0.0518235
0 0.230001 0.369601 0.0109969 0.0180008
0 0.282922 0.508418 0.0138943 0.0194923
0 0.179876 0.443915 0.0125451 0.0221668
0 0.25471 0.494139 0.0130121 0.0213057
0 0.194324 0.307546 0.0138168 0.0172678
0 0.0130543 0.0778099 0.0201184 0.0212505
0 0.245424 0.394331 0.012875 0.0208751
0 0.0333699 0.152194 0.0157586 0.0216296
0 0.178257 0.352667 0.0104379 0.0186434
0 0.182069 0.381098 0.0106589 0.0173661
0 0.203324 0.464704 0.0149365 0.0217855
0 0.569944 0.928094 0.0179002 0.014368
0 0.0317382 0.180055 0.0163482 0.0209575
0 0.134703 0.31573 0.01602 0.0214571
0 0.0529344 0.206951 0.0151083 0.021625
0 0.0773828 0.258065 0.0121512 0.0198717
0 0.243821 0.540702 0.0113826 0.0182453
0 0.232576 0.501012 0.01352 0.0213545
0 0.157453 0.308971 0.012917 0.0229351
0 0.654778 0.961108 0.016818 0.0163817
0 0.181775 0.274307 0.0123019 0.0166505
0 0.151349 0.340711 0.0156644 0.0257241
0 0.209929 0.498473 0.0111572 0.0189204
0 0.0334378 0.208632 0.0125709 0.0180457
0 0.0337217 0.121546 0.0211654 0.0221613
0 0.230867 0.498416 0.0110172 0.0193508
0 0.164924 0.147706 0.026576 0.0293752
0 0.068615 0.236407 0.012651 0.018155
0 0.235999 0.472261 0.0119396 0.0173834
0 0.273436 0.589737 0.012957 0.016569
0 0.289346 0.550742 0.0123024 0.019004
0 0.210933 0.345602 0.0150173 0.0211013
0 0.205778 0.43989 0.014373 0.0200357
0 0.139441 0.363366 0.0130149 0.0183854
0 0.259821 0.524357 0.0110418 0.0168626
0 0.254552 0.428235 0.0147214 0.0168629
0 0.0324404 0.232796 0.0171319 0.019135
0 0.297347 0.529857 0.0119751 0.0150879
0 0.187909 0.33018 0.0133723 0.0186789
0 0.212899 0.392497 0.0213382 0.0199964
0 0.273046 0.558632 0.0127783 0.0236242
0 0.113182 0.255302 0.0150055 0.0228723
0 0.159873 0.406175 0.0176465 0.0225084
0 0.266104 0.460046 0.0185961 0.0199085
0 0.103418 0.108722 0.0194756 0.0194173
0 0.00799085 0.114739 0.0122966 0.0151759
0 0.154317 0.24832 0.0218174 0.0232276
0 0.259655 0.464251 0.0145955 0.0185013
0 0.209014 0.391416 0.0223859 0.0198439
0 0.247517 0.843802 0.0200468 0.0307917
0 0.0404555 0.272241 0.0120085 0.0140219
0 0.526367 0.88165 0.0253528 0.0207298
0 0.00820742 0.195263 0.0136599 0.0175441
0 0.656381 0.992515 0.0175208 0.01365
0 0.152023 0.250076 0.0282578 0.0259783
0 0.145911 0.253639 0.0277002 0.0234824
0 0.20925 0.386998 0.0180362 0.0186806
0 0.5023 0.788594 0.0278355 0.0249704
0 0.128952 0.286879 0.0086266 0.0162224
0 0.320852 0.897959 0.0143604 0.0157497
0 0.109922 0.60809 0.0132792 0.0187119
0 0.0149656 0.439689 0.0175641 0.0137064
0 0.604266 0.963213 0.0271178 0.0224586
0 0.262598 0.461623 0.0198288 0.0209028
0 0.272059 0.550334 0.0110947 0.0171995
0 0.306377 0.599044 0.023326 0.0169569
0 0.499206 0.784103 0.0276475 0.0286775
0 0.59936 0.958853 0.0237295 0.0264236
0 0.447496 0.738067 0.0232145 0.0226553
0 0.302543 0.94069 0.0234065 0.0290398
0 0.275296 0.560155 0.0151392 0.02087
0 0.43508 0.725139 0.0202484 0.0216566
0 0.306516 0.603355 0.0226512 0.0231056
0 0.123022 0.31902 0.0173389 0.0178387
0 0.141151 0.362176 0.0138007 0.0174012
0 0.604311 0.958827 0.0270528 0.0262411
0 0.0105425 0.147664 0.0122915 0.0170102
0 0.472584 0.753393 0.025262 0.0255575
0 0.29926 0.938088 0.0294499 0.0337173
0 0.322623 0.91917 0.0124454 0.0211552
0 0.443754 0.732116 0.0277178 0.0307906
0 0.470683 0.750949 0.0201958 0.0228874
0 0.136799 0.250095 0.0155019 0.0241098
0 0.43806 0.726382 0.0270775 0.0237062
