0 0.426927 0.820339 0.0300414 0.0136604
0 0.234156 0.773574 0.0234457 0.0179584
0 0.193244 0.783867 0.0220414 0.0180273
0 0.849735 0.56336 0.0204853 0.0222687
0 0.478997 0.71938 0.0272312 0.0162161
0 0.236306 0.867931 0.0314775 0.0161527
0 0.774975 0.796229 0.0276125 0.0128143
0 0.749408 0.842749 0.0274531 0.0127165
0 0.505241 0.178122 0.0734097 0.0290248
0 0.765892 0.728029 0.0262106 0.0111411
0 0.166767 0.168807 0.071749 0.0294677
0 0.289734 0.8207 0.0289693 0.0118963
0 0.862589 0.658319 0.0274648 0.00990791
0 0.906086 0.11532 0.0621156 0.0343583
0 0.598945 0.814893 0.0371381 0.010854
0 0.199433 0.980156 0.0190427 0.0369116
0 0.413353 0.901574 0.0249554 0.0133846
0 0.121907 0.848384 0.0180818 0.0167496
0 0.844492 0.755543 0.0281573 0.00757317
0 0.695905 0.942693 0.0173986 0.0113819
0 0.742513 0.684964 0.0511945 0.0111231
0 0.928158 0.43228 0.02374 0.0131011
0 0.986741 0.597167 0.0262344 0.01139
0 0.475223 0.859256 0.0208927 0.00852325
0 0.525518 0.649196 0.0425209 0.0129025
0 0.674707 0.821864 0.0196106 0.00942001
0 0.757899 0.914803 0.0187773 0.0111679
0 0.300693 0.848071 0.0291045 0.0115868
0 0.698802 0.775848 0.0224409 0.0129033
0 0.406542 0.773953 0.0341379 0.0114941
0 0.981874 0.636368 0.0266228 0.0114634
0 0.511576 0.935576 0.0266933 0.00989586
0 0.333401 0.970223 0.0382533 0.0341125
0 0.551435 0.774649 0.0340727 0.0128647
0 0.658772 0.965424 0.0100349 0.00988235
0 0.761032 0.957788 0.0238571 0.0123116
0 0.962103 0.452699 0.0132669 0.0158701
0 0.76699 0.95344 0.0290236 0.0124348
0 0.630707 0.716827 0.0220135 0.00586708
0 0.635886 0.952226 0.0177903 0.0099514
0 0.349058 0.799463 0.0316431 0.012527
0 0.919467 0.651223 0.0292866 0.0109667
