0 0.0434943 0.380616 0.00893429 0.0213514
0 0.065287 0.348803 0.0118304 0.0227179
0 0.0409262 0.189711 0.010255 0.020375
0 0.0167528 0.568078 0.0100491 0.0245764
0 0.0549218 0.21591 0.0101583 0.0180038
0 0.029199 0.330911 0.00758699 0.0225741
0 0.116639 0.532537 0.00881743 0.0174156
0 0.107515 0.561204 0.00831894 0.0147359
0 0.0286232 0.154294 0.00821149 0.0183548
0 0.0351213 0.693243 0.0134145 0.0264343
0 0.119202 0.90808 0.00952592 0.0182254
0 0.0145436 0.269782 0.0121508 0.0225105
0 0.0533572 0.42061 0.00838673 0.0206987
0 0.0684828 0.537485 0.0148812 0.0145022
0 0.0452272 0.64794 0.0145775 0.0321851
0 0.0586793 0.246812 0.00903565 0.0214505
0 0.0789976 0.594685 0.0073822 0.0219943
0 0.00807124 0.602999 0.0147504 0.0293718
0 0.0929559 0.924899 0.00713123 0.0194118
0 0.0600392 0.947343 0.00969334 0.022084
0 0.058672 0.314319 0.00872779 0.02026
0 0.101659 0.387577 0.0135169 0.021109
0 0.107053 0.64173 0.00886774 0.0109603
0 0.0581633 0.308473 0.00911884 0.01717
0 0.0167047 0.538381 0.0105516 0.0158834
0 0.106918 0.403758 0.011132 0.0247083
0 0.0826341 0.4071 0.00681427 0.0101561
0 0.0138917 0.826636 0.010773 0.0258354
0 0.113881 0.710708 0.0178046 0.0343887
0 0.0612212 0.275148 0.0114351 0.018873
0 0.0302124 0.0675265 0.0173213 0.019279
0 0.118256 0.941759 0.00658774 0.016106
0 0.00731706 0.133076 0.013058 0.0171352
0 0.043473 0.982845 0.0257197 0.025181
0 0.00583151 0.754717 0.0116516 0.0231532
0 0.0767821 0.469459 0.0191495 0.0214071
0 0.0367897 0.293152 0.0122884 0.0229393
0 0.11866 0.937655 0.00688858 0.0184026
0 0.131376 0.876467 0.0072412 0.0129951
0 0.0801942 0.17736 0.0182043 0.0186331
0 0.0772963 0.80169 0.0146488 0.0282154
0 0.120096 0.896886 0.00729076 0.0141701
0 0.0751307 0.785105 0.0162961 0.0201931
0 0.0775914 0.475148 0.0186668 0.0265396
0 0.0775174 0.785819 0.0165451 0.0233908
0 0.166616 0.626359 0.0179909 0.0225239
0 0.0477189 0.87768 0.00945187 0.0174528
0 0.100746 0.876698 0.011745 0.0121362
0 0.0737868 0.476419 0.0183001 0.0258911
0 0.00933671 0.918963 0.0106302 0.037149
0 0.140025 0.521112 0.0176617 0.0166008
0 0.0970642 0.608547 0.00923378 0.0130075
0 0.0642651 0.714436 0.0101661 0.0202473
0 0.0959228 0.206392 0.0156544 0.0211195
0 0.0471947 0.982309 0.0223467 0.0227701
