0 0.932535 0.416152 0.0225491 0.0248941
0 0.943282 0.0338006 0.0221687 0.0182759
0 0.889108 0.394424 0.0199768 0.0221809
0 0.951268 0.522458 0.0174389 0.018176
0 0.906633 0.432815 0.0196102 0.0217245
0 0.982175 0.550976 0.0167039 0.0169172
0 0.985138 0.0232398 0.025547 0.0180258
0 0.949597 0.2302 0.0182798 0.0372409
0 0.87199 0.0983184 0.0180817 0.016977
0 0.921409 0.455029 0.0176271 0.0225845
0 0.0517334 0.604951 0.0135624 0.00794994
0 0.945386 0.478079 0.0217762 0.0228392
0 0.985032 0.120068 0.0299358 0.0214837
0 0.987118 0.475594 0.0141655 0.0231029
0 0.988562 0.42027 0.0225581 0.0253599
0 0.0101375 0.60476 0.0176725 0.00931454
0 0.908777 0.435333 0.0238892 0.0234683
0 0.204506 0.589405 0.0183952 0.0103622
0 0.813583 0.734298 0.0265714 0.0182705
0 0.165799 0.591787 0.0150935 0.00556004
0 0.651438 0.204213 0.0106816 0.0202095
