0 0.346995 0.779164 0.0361288 0.0513062
0 0.698187 0.30163 0.0468254 0.0355938
0 0.488664 0.518699 0.0427021 0.0550529
0 0.951205 0.13502 0.0471922 0.0236834
0 0.747094 0.248439 0.0537403 0.0415604
0 0.556018 0.432011 0.037804 0.0360225
0 0.889693 0.165422 0.0298495 0.0160699
0 0.518723 0.472529 0.0203247 0.0224316
0 0.692312 0.48207 0.0159447 0.0212771
0 0.789207 0.223582 0.0237943 0.0175284
0 0.743706 0.421573 0.0147411 0.00898342
0 0.60138 0.379988 0.0134299 0.0169316
0 0.631378 0.351242 0.0217543 0.0237268
0 0.647672 0.328906 0.016586 0.017064
0 0.438391 0.581219 0.0223001 0.0271343
