0 0.733982 0.356133 0.0112417 0.0241445
0 0.693318 0.0859227 0.0404076 0.0530064
0 0.757958 0.339055 0.0106065 0.0219544
0 0.733185 0.767522 0.0154335 0.0254677
0 0.794164 0.856523 0.0103489 0.0177226
0 0.805716 0.404664 0.00873413 0.0187962
0 0.516407 0.0813248 0.00964298 0.0191072
0 0.754089 0.256016 0.0142895 0.0213394
0 0.755639 0.390928 0.00971024 0.0209785
0 0.628485 0.272766 0.0144379 0.0208478
0 0.567274 0.142106 0.00731144 0.0221247
0 0.827778 0.824612 0.0102857 0.0185318
0 0.717498 0.852499 0.00770607 0.0189415
0 0.841734 0.530148 0.00702057 0.0193763
0 0.718117 0.308007 0.0153951 0.0223032
0 0.495438 0.100724 0.0108413 0.0169867
0 0.731725 0.39588 0.00930824 0.0166468
0 0.820824 0.534333 0.00968399 0.0189985
0 0.667549 0.341703 0.0134998 0.0181172
0 0.578084 0.174892 0.0129262 0.0226069
0 0.556195 0.154672 0.0140664 0.0204996
0 0.73302 0.265455 0.0112385 0.0175801
0 0.791918 0.541301 0.00791626 0.0236151
0 0.63259 0.316569 0.0187655 0.0235381
0 0.540913 0.115474 0.0162416 0.0275357
0 0.651155 0.287622 0.0123331 0.0201809
0 0.817131 0.441931 0.0105661 0.0235294
0 0.722384 0.800323 0.0115247 0.0231758
0 0.608173 0.299804 0.0102391 0.0162383
0 0.60306 0.253518 0.0107454 0.0160716
0 0.581584 0.236382 0.0176419 0.016831
0 0.528035 0.129846 0.0151925 0.0139157
0 0.82014 0.503317 0.00748138 0.0165581
0 0.532207 0.107268 0.0186775 0.0201744
0 0.86953 0.807208 0.00775269 0.0111153
0 0.830168 0.559939 0.006324 0.0170467
0 0.649984 0.0141055 0.024032 0.0282111
0 0.756766 0.69737 0.0117173 0.0229814
0 0.880042 0.781745 0.00681457 0.00928169
0 0.781098 0.594154 0.0129819 0.0215622
0 0.788386 0.34258 0.0126044 0.0219182
0 0.776326 0.880332 0.0106969 0.0220631
0 0.761482 0.535635 0.0121001 0.0238033
0 0.78489 0.426052 0.0109258 0.0180295
0 0.593008 0.269749 0.00844707 0.0129838
0 0.726757 0.874936 0.0109461 0.0146023
0 0.805194 0.474401 0.00755035 0.0146727
0 0.814835 0.738252 0.00934502 0.02169
0 0.739616 0.296104 0.0101578 0.0196463
0 0.634854 0.348595 0.0107713 0.0181314
0 0.750578 0.733766 0.0131757 0.0238005
0 0.85823 0.742082 0.0106457 0.0181989
0 0.448894 0.028008 0.018926 0.0193555
0 0.86685 0.678315 0.00763092 0.0154694
0 0.558446 0.196057 0.00940609 0.0130458
0 0.799209 0.573781 0.0129666 0.0254533
0 0.786094 0.706195 0.0124908 0.0233553
0 0.623096 0.232928 0.0141444 0.0228086
0 0.772602 0.565202 0.00979782 0.0165668
0 0.53713 0.114448 0.0227097 0.0288207
0 0.669978 0.79535 0.0166191 0.0163853
0 0.769781 0.663707 0.0121568 0.0185693
0 0.912077 0.748284 0.0182004 0.0212122
0 0.778273 0.297979 0.00904533 0.014868
0 0.46764 0.0765057 0.0183113 0.0170928
0 0.811626 0.957917 0.0185927 0.0279352
0 0.809677 0.766653 0.0083139 0.0150635
0 0.88565 0.647058 0.0139339 0.016856
0 0.793345 0.710528 0.0223211 0.0246937
0 0.827174 0.763165 0.00928879 0.0169655
0 0.736882 0.944676 0.0204323 0.027718
0 0.768616 0.808707 0.0244039 0.0217001
0 0.828329 0.792574 0.00747223 0.0106918
0 0.82166 0.991635 0.0159458 0.0141869
0 0.82544 0.299906 0.0177594 0.0239717
0 0.648406 0.258467 0.0125072 0.0181371
0 0.830103 0.454989 0.00817513 0.00905266
0 0.470767 0.0535415 0.0208443 0.015456
0 0.402926 0.0312255 0.0119124 0.0173489
0 0.82254 0.298039 0.0247171 0.028161
0 0.735526 0.14324 0.0107649 0.0104779
0 0.450947 0.0262776 0.0198843 0.0190922
0 0.893587 0.676354 0.009879 0.0146895
0 0.837411 0.332811 0.015036 0.0221197
0 0.671179 0.763062 0.0184624 0.0148463
0 0.814211 0.371685 0.0113775 0.014113
0 0.667027 0.856542 0.0187622 0.0147003
0 0.823529 0.479163 0.0127184 0.0132154
0 0.784991 0.911573 0.00872696 0.0193069
0 0.477136 0.0536701 0.0179205 0.0163217
0 0.906526 0.707311 0.0105939 0.0178989
0 0.687284 0.681345 0.0154945 0.0118481
0 0.64344 0.228547 0.0208339 0.0229973
0 0.83027 0.640866 0.0241243 0.0212686
0 0.417392 0.0497834 0.0112804 0.017628
0 0.796625 0.253178 0.0143145 0.0198807
0 0.873717 0.56944 0.0127903 0.0409158
0 0.786067 0.495048 0.0105485 0.0202707
0 0.822604 0.636927 0.0208231 0.0216545
0 0.773788 0.808766 0.0218505 0.0216555
0 0.814098 0.707656 0.0134381 0.0198818
0 0.807713 0.70737 0.0192632 0.0239848
