0 0.46621 0.232038 0.0178358 0.0188012
0 0.378253 0.156149 0.0203268 0.0183632
0 0.277825 0.109413 0.0197228 0.0234819
0 0.341216 0.1357 0.0217137 0.0205305
0 0.410811 0.171354 0.0153713 0.0166795
0 0.301282 0.0866137 0.0182316 0.0160831
0 0.23381 0.0627153 0.0166303 0.0171435
0 0.191053 0.030305 0.0156987 0.0209661
0 0.275849 0.0666277 0.0185808 0.0216141
0 0.258953 0.0527929 0.0130308 0.0166409
0 0.121719 0.00478716 0.0188133 0.00957432
0 0.0104338 0.0481789 0.0208676 0.0183458
0 0.190909 0.0608375 0.0182158 0.013302
0 0.456385 0.202622 0.0125534 0.0125377
0 0.158079 0.011826 0.0230348 0.0211212
0 0.157809 0.0204639 0.0211855 0.0292703
0 0.124755 0.00485379 0.0175855 0.00970757
0 0.140895 0.189048 0.0288943 0.0230848
0 0.135697 0.186602 0.0277732 0.0208618
0 0.159011 0.259924 0.0372357 0.020541
