0 0.481914 0.606185 0.00934887 0.020382
0 0.496652 0.842861 0.0146112 0.0215358
0 0.601803 0.89296 0.0162033 0.0187946
0 0.509481 0.331211 0.0138004 0.0217592
0 0.5522 0.853167 0.0137764 0.0159718
0 0.544149 0.466875 0.0136156 0.0238287
0 0.54417 0.106514 0.0101486 0.0176253
0 0.500849 0.251552 0.012457 0.0225329
0 0.522994 0.875575 0.021483 0.0207751
0 0.483622 0.0173602 0.0139206 0.0252938
0 0.577775 0.074587 0.0102545 0.0185445
0 0.51966 0.541805 0.0132086 0.0192324
0 0.704191 0.932741 0.0145217 0.0111354
0 0.4675 0.102434 0.00754215 0.0187859
0 0.550906 0.933634 0.0237774 0.0221722
0 0.595149 0.254243 0.0108639 0.0133793
0 0.53814 0.564749 0.0127037 0.0172242
0 0.472285 0.0505407 0.0114305 0.0228013
0 0.47664 0.274561 0.0115248 0.0227962
0 0.470366 0.525034 0.00990616 0.0192547
0 0.519723 0.610037 0.0110335 0.0165112
0 0.456086 0.423634 0.00806416 0.0184087
0 0.619507 0.0572151 0.00771702 0.0110839
0 0.475362 0.334652 0.0173243 0.0284554
0 0.476362 0.406581 0.0104436 0.023716
0 0.526374 0.130301 0.0106173 0.0219812
0 0.630101 0.0318622 0.00711849 0.00954919
0 0.555932 0.888414 0.0131186 0.01505
0 0.476819 0.124979 0.0107929 0.0144979
0 0.338293 0.965278 0.0281317 0.0332117
0 0.45227 0.584183 0.0119232 0.026335
0 0.570836 0.262159 0.0121172 0.0159482
0 0.601798 0.303695 0.0133684 0.0139601
0 0.573682 0.242678 0.0129702 0.017242
0 0.599257 0.469193 0.0245249 0.00642479
0 0.523569 0.517967 0.0138012 0.0196928
0 0.577159 0.292077 0.00965034 0.0104064
0 0.528215 0.408218 0.0129133 0.0269448
0 0.420191 0.0454814 0.0167395 0.0166586
0 0.485741 0.194784 0.0177843 0.0271526
0 0.560854 0.207905 0.0163747 0.027087
0 0.420611 0.0126779 0.0199417 0.0155965
0 0.518622 0.058783 0.024477 0.0213156
0 0.588097 0.326173 0.0125385 0.0128344
0 0.560428 0.0147182 0.00940647 0.0187865
0 0.451308 0.377542 0.010497 0.024176
0 0.579881 0.585525 0.0134302 0.0115445
0 0.53078 0.289508 0.0264319 0.0164024
0 0.501929 0.468276 0.0153587 0.0265406
0 0.577192 0.0115423 0.00935047 0.0199926
0 0.578302 0.0425088 0.00740623 0.0108549
0 0.429481 0.717923 0.0160912 0.0133008
0 0.661269 0.851798 0.0125524 0.0108589
0 0.614061 0.757075 0.0109163 0.0103857
0 0.565059 0.20948 0.0188972 0.0264024
0 0.534998 0.161518 0.00875534 0.0190331
0 0.494708 0.46909 0.0237471 0.0291156
0 0.583779 0.691858 0.0131784 0.00973877
0 0.417096 0.106479 0.0184177 0.0142905
0 0.523402 0.0588479 0.0223841 0.0212609
