0 0.342724 0.327955 0.0509155 0.0453487
0 0.161215 0.213364 0.0560015 0.0372949
0 0.693274 0.836016 0.0407271 0.0538788
0 0.255626 0.404148 0.052226 0.0441494
0 0.555236 0.597252 0.0335339 0.0501726
0 0.0913674 0.278218 0.0537629 0.036222
0 0.650774 0.761483 0.0242934 0.0366725
0 0.516274 0.83141 0.00974712 0.0192467
0 0.495495 0.850735 0.0113443 0.0172688
0 0.567078 0.892464 0.00782986 0.0228035
0 0.0337329 0.154647 0.0644534 0.0312001
0 0.577967 0.924901 0.0132639 0.0232243
0 0.556047 0.904553 0.0149666 0.021072
0 0.320869 0.564725 0.0136094 0.01698
0 0.54035 0.865026 0.0172585 0.0289146
0 0.528225 0.879752 0.016062 0.0141205
0 0.289913 0.288352 0.0407469 0.023185
0 0.581188 0.98651 0.0181953 0.0185258
0 0.488235 0.480887 0.0335243 0.0463727
0 0.532973 0.858082 0.0208111 0.0218964
0 0.515271 0.535813 0.0434608 0.0640035
0 0.283232 0.55273 0.0132076 0.0167927
0 0.536614 0.864306 0.0238068 0.0298061
0 0.4492 0.77796 0.0200602 0.0195618
0 0.558429 0.946168 0.00985451 0.0135666
0 0.461291 0.736259 0.0143236 0.0153751
0 0.402057 0.675139 0.0151054 0.0156239
0 0.413546 0.393512 0.0330916 0.0354974
0 0.586914 0.656424 0.0344622 0.0611306
0 0.467544 0.826483 0.018856 0.0174474
0 0.419749 0.396078 0.0212158 0.0299165
0 0.520335 0.540583 0.0333947 0.0533591
0 0.38112 0.613404 0.0157212 0.0157182
0 0.336108 0.592281 0.0114749 0.0108351
0 0.471309 0.803682 0.0227226 0.0161385
0 0.40051 0.373166 0.0368607 0.0288219
0 0.453343 0.435479 0.0426315 0.050898
0 0.403136 0.781524 0.0124693 0.0182978
0 0.476118 0.803575 0.0199646 0.0165718
0 0.368437 0.651241 0.0174291 0.014227
0 0.590894 0.660933 0.0440885 0.0622934
0 0.392629 0.639179 0.0137616 0.0147364
0 0.449717 0.429327 0.0383299 0.0433851
0 0.632403 0.981018 0.0332281 0.0243721
0 0.417083 0.800759 0.0130169 0.0202076
0 0.735506 0.893246 0.0108662 0.010531
0 0.352823 0.611557 0.0164251 0.0136012
