0 0.911033 0.212962 0.0557323 0.0386172
0 0.841394 0.278225 0.0539074 0.0362731
0 0.783906 0.155214 0.0643851 0.0305336
0 0.20111 0.135213 0.0468495 0.0232915
0 0.139684 0.165402 0.0299644 0.0160399
0 0.333581 0.102882 0.0379196 0.0156633
0 0.646367 0.115099 0.066399 0.0313896
0 0.441747 0.0924437 0.0428787 0.0177548
0 0.585899 0.0958909 0.0322235 0.0193666
0 0.039216 0.223315 0.0236063 0.0175784
0 0.0125278 0.2465 0.0250555 0.0345338
0 0.284622 0.110773 0.0257116 0.0134781
0 0.528157 0.0914291 0.0301559 0.0179402
0 0.585419 0.0998244 0.0299446 0.015659
0 0.388939 0.103582 0.0432224 0.0142109
