0 0.0996827 0.563385 0.020658 0.0223733
0 0.0247993 0.796348 0.0278588 0.0126118
0 0.240191 0.596838 0.0335653 0.0111216
0 0.156074 0.115338 0.0622267 0.034438
0 0.11217 0.658089 0.0272003 0.00986549
0 0.0152058 0.727697 0.0268736 0.0123314
0 0.094447 0.755493 0.0280991 0.00747642
0 0.177799 0.432537 0.0246033 0.0138971
0 0.231741 0.636236 0.027295 0.0116854
0 0.373392 0.640697 0.0190302 0.0103771
0 0.00708107 0.84228 0.0141352 0.0116248
0 0.212081 0.452629 0.0132256 0.0157748
0 0.00882586 0.915434 0.0173385 0.0118656
0 0.0159948 0.955303 0.0319895 0.0159781
0 0.0151629 0.966505 0.0303258 0.0335386
