0 0.714087 0.103016 0.0170406 0.0208475
0 0.739751 0.237008 0.0123545 0.0239172
0 0.578196 0.0202661 0.0164778 0.0238686
0 0.815267 0.348765 0.0117896 0.0227802
0 0.791193 0.189857 0.010021 0.0206095
0 0.767084 0.567823 0.00971527 0.024432
0 0.805052 0.215789 0.0102928 0.018066
0 0.779275 0.33084 0.00763802 0.0226378
0 0.793488 0.380622 0.00891022 0.0209871
0 0.778918 0.154255 0.00800362 0.0178616
0 0.757975 0.602662 0.0130652 0.0293105
0 0.866669 0.532517 0.00875664 0.0173981
0 0.764676 0.269566 0.0125263 0.0224697
0 0.857485 0.561226 0.00823235 0.0147198
0 0.605535 0.114776 0.0100508 0.0188504
0 0.756739 0.133589 0.0131081 0.0173114
0 0.619604 0.0556978 0.0160669 0.0251731
0 0.581122 0.0761278 0.0147713 0.0210335
0 0.719609 0.847523 0.0100152 0.0231005
0 0.592258 0.141578 0.00913486 0.0165811
0 0.8692 0.908159 0.00932236 0.0179563
0 0.784912 0.693038 0.0132591 0.0267521
0 0.808705 0.246791 0.00920563 0.0215946
0 0.818555 0.537485 0.0147243 0.0144828
0 0.803377 0.420506 0.00832024 0.0206575
0 0.829017 0.594681 0.00732079 0.0220163
0 0.74679 0.15093 0.0120285 0.0170843
0 0.843032 0.924893 0.00699615 0.0192261
0 0.85166 0.38751 0.013502 0.0209824
0 0.766607 0.538175 0.0107665 0.0156965
0 0.809978 0.947275 0.00960968 0.0218277
0 0.795467 0.648299 0.0143241 0.0313637
0 0.681446 0.674288 0.0154413 0.0219604
0 0.808686 0.314254 0.00876846 0.020115
0 0.80819 0.308387 0.0092083 0.0172286
0 0.640442 0.131248 0.0107481 0.020898
0 0.628737 0.18288 0.0122187 0.0197498
0 0.856889 0.404187 0.0111065 0.0239265
0 0.857074 0.641738 0.00882454 0.0108429
0 0.78046 0.0674793 0.0159941 0.0182407
0 0.832615 0.4071 0.00684738 0.0102348
0 0.733497 0.639618 0.00987526 0.0206093
0 0.616645 0.165176 0.0117373 0.0177869
0 0.640782 0.16314 0.0131293 0.0168482
0 0.863883 0.710696 0.0176643 0.0342406
0 0.811225 0.275219 0.0114691 0.0187855
0 0.613506 0.00846492 0.0124828 0.0169298
0 0.868288 0.941714 0.00656357 0.0159205
0 0.572974 0.130995 0.0109753 0.0146222
0 0.733552 0.633849 0.00909485 0.0240576
0 0.559702 0.0642609 0.0104218 0.013524
0 0.64884 0.336425 0.0172212 0.0231457
0 0.868703 0.93751 0.00681175 0.0179173
0 0.826887 0.469422 0.0189648 0.0211683
0 0.735963 0.193957 0.0144525 0.0198758
0 0.691382 0.417094 0.00953628 0.011885
0 0.786855 0.293173 0.0124605 0.0226386
0 0.793648 0.982547 0.024584 0.0244596
0 0.707414 0.48836 0.0181826 0.0200821
0 0.748494 0.75539 0.018148 0.0264828
0 0.629902 0.11108 0.00711418 0.0130856
0 0.8814 0.876478 0.00709038 0.0129469
0 0.554338 0.102424 0.0112469 0.0152855
0 0.829936 0.177334 0.0167519 0.0181034
0 0.764178 0.826689 0.0100829 0.0253021
0 0.870107 0.896715 0.00708344 0.013645
0 0.751464 0.752931 0.0184297 0.0233215
0 0.827305 0.801836 0.0144913 0.0276913
0 0.679787 0.63626 0.0158128 0.0152121
0 0.827643 0.475054 0.0186008 0.026509
0 0.825076 0.785007 0.0160006 0.0197943
0 0.827549 0.785753 0.0164569 0.0227818
0 0.719786 0.994251 0.0105541 0.0100807
0 0.847032 0.608548 0.00913544 0.013044
0 0.850769 0.876724 0.0116999 0.0120453
0 0.916601 0.626491 0.017598 0.0220665
0 0.799125 0.982072 0.0181519 0.0214774
0 0.724435 0.917662 0.0125647 0.0112222
0 0.74076 0.0176833 0.0153089 0.0131549
0 0.80817 0.127515 0.0145071 0.0156516
0 0.647873 0.329097 0.0186932 0.0378263
0 0.797751 0.877619 0.00957642 0.0171623
0 0.79479 0.643048 0.0140141 0.0250023
0 0.823937 0.476288 0.01847 0.0259232
0 0.846049 0.206435 0.0148927 0.0207257
0 0.889926 0.521133 0.0172581 0.0164631
0 0.614738 0.160832 0.0113032 0.0155812
0 0.673167 0.731188 0.015067 0.0125439
