0 0.961766 0.959361 0.0258511 0.0207013
0 0.789049 0.831437 0.0142313 0.0170012
0 0.740546 0.815233 0.0164912 0.0153816
0 0.725817 0.689303 0.0152943 0.0231367
0 0.845225 0.745109 0.0183418 0.0205769
0 0.788048 0.791375 0.0148794 0.0175433
0 0.79354 0.703455 0.0150656 0.0172526
0 0.769448 0.465231 0.00958153 0.0237904
0 0.79112 0.398423 0.00798462 0.022772
0 0.719903 0.250169 0.00869873 0.0232126
0 0.593452 0.839366 0.0261477 0.0343105
0 0.758167 0.863022 0.0143997 0.0169801
0 0.719618 0.0974787 0.0101345 0.0230319
0 0.869222 0.158141 0.00943176 0.0180708
0 0.982997 0.832598 0.0110089 0.0125469
0 0.751501 0.00962319 0.0251098 0.0186583
0 0.757491 0.298162 0.0163935 0.0303408
0 0.843037 0.174932 0.00711388 0.0193467
0 0.809988 0.197184 0.00968414 0.0216762
0 0.764925 0.590988 0.0109249 0.0151672
0 0.868228 0.191636 0.00676094 0.0160287
0 0.740431 0.377453 0.00810295 0.0282759
0 0.76391 0.987203 0.0205536 0.0174083
0 0.8687 0.187397 0.00709427 0.0174502
0 0.881389 0.126465 0.00717453 0.0130093
0 0.801374 0.232765 0.0130789 0.0223897
0 0.764149 0.0766808 0.0101941 0.0254467
0 0.714747 0.742809 0.0178537 0.00419426
0 0.793131 0.235438 0.0224279 0.0245689
0 0.870123 0.146727 0.00727882 0.0137925
0 0.825033 0.0351787 0.0157764 0.0196934
0 0.827235 0.0518777 0.0145954 0.0279276
0 0.850776 0.126696 0.0116959 0.0120966
0 0.787298 0.234265 0.0137497 0.0264922
0 0.810444 0.542234 0.0141277 0.00830994
0 0.724465 0.167654 0.0126173 0.0111967
0 0.797772 0.127623 0.0096405 0.0172499
0 0.656539 0.305933 0.0179256 0.0146294
0 0.846286 0.199648 0.00825958 0.0157873
0 0.856685 0.620223 0.0126086 0.00750816
0 0.840451 0.607477 0.0102724 0.00945358
0 0.827593 0.0363251 0.0167078 0.0226241
0 0.860699 0.109812 0.01014 0.0116427
0 0.845457 0.676355 0.00759621 0.0114069
0 0.878531 0.102522 0.00957108 0.0110607
