0 0.35339 0.39401 0.0206749 0.0241462
0 0.174329 0.0917938 0.0542289 0.0385577
0 0.714102 0.85302 0.0170235 0.0209793
0 0.34804 0.202262 0.0470369 0.0394482
0 0.45995 0.310602 0.0365924 0.0434285
0 0.631431 0.598506 0.0332043 0.0515783
0 0.443288 0.604722 0.0172726 0.018601
0 0.494204 0.3617 0.0386063 0.051656
0 0.791107 0.939773 0.0101641 0.0205727
0 0.5296 0.417381 0.0405651 0.0555214
0 0.233438 0.129191 0.0463635 0.0362015
0 0.564966 0.742471 0.0147448 0.0219189
0 0.447117 0.568402 0.019911 0.0225345
0 0.778829 0.904276 0.00817253 0.0181202
0 0.578232 0.770826 0.0159651 0.0241196
0 0.804776 0.965654 0.0103531 0.0175697
0 0.103075 0.0555568 0.0596012 0.026821
0 0.503154 0.709919 0.0201289 0.029455
0 0.619511 0.805661 0.0163445 0.0254716
0 0.73963 0.986728 0.0132684 0.0246674
0 0.605452 0.864767 0.0102702 0.0191957
0 0.580967 0.826069 0.0153704 0.02141
0 0.592228 0.891522 0.00925407 0.0167919
0 0.756651 0.883663 0.0133873 0.0174815
0 0.560156 0.469989 0.0287709 0.0460827
0 0.612702 0.753725 0.0145894 0.0260591
0 0.416203 0.262959 0.0463144 0.0496453
0 0.746881 0.900905 0.0123414 0.017135
0 0.476112 0.676025 0.0169833 0.0174171
0 0.526498 0.733925 0.0165262 0.0196545
0 0.54095 0.721573 0.0134317 0.016769
0 0.628501 0.932684 0.0128865 0.02029
0 0.640303 0.881206 0.0110996 0.0212284
0 0.0355471 0.0343455 0.0679595 0.0317419
0 0.320423 0.422832 0.0154858 0.0155136
0 0.616782 0.915289 0.012858 0.0187811
0 0.78034 0.817511 0.0166666 0.0186565
0 0.592823 0.524745 0.0407223 0.0584452
0 0.64054 0.913133 0.0134199 0.0171963
0 0.499345 0.700532 0.0165475 0.025733
0 0.585731 0.728855 0.0119705 0.0233928
0 0.339253 0.45177 0.0193666 0.0148463
0 0.573076 0.88099 0.0111986 0.0149587
0 0.559724 0.814159 0.0106148 0.0137112
0 0.464189 0.635696 0.0170884 0.0177436
0 0.370701 0.517689 0.013966 0.0164108
0 0.38365 0.50342 0.0195039 0.0179893
0 0.736013 0.944221 0.0149593 0.0204975
0 0.808194 0.991764 0.00935669 0.0126564
0 0.479899 0.645266 0.0117455 0.023392
0 0.698922 0.711445 0.031157 0.0461839
0 0.501123 0.705648 0.0206772 0.033712
0 0.629842 0.861156 0.00736484 0.013193
0 0.11642 0.249407 0.0184372 0.015736
0 0.355052 0.480103 0.0144071 0.0151718
0 0.554319 0.852365 0.0114196 0.0153806
0 0.537305 0.691758 0.0159782 0.0143459
0 0.423708 0.265334 0.0372652 0.046012
0 0.385819 0.505368 0.0181443 0.018934
0 0.596274 0.532216 0.034847 0.0433927
0 0.50036 0.673679 0.0140522 0.0145358
0 0.694097 0.708271 0.0223689 0.0526712
0 0.481871 0.649086 0.0139479 0.019332
0 0.52336 0.765299 0.0116814 0.0154653
0 0.82999 0.927431 0.0176311 0.0183458
0 0.740816 0.768118 0.0154665 0.0126058
0 0.614701 0.911225 0.0117678 0.0166351
0 0.405809 0.557341 0.0169069 0.0104242
0 0.497037 0.673812 0.0150945 0.0145204
0 0.302206 0.166126 0.0315058 0.0234244
