0 0.0927522 0.32805 0.0509523 0.0456
0 0.443267 0.836036 0.0407257 0.0539027
0 0.305246 0.597276 0.0335104 0.0501899
0 0.400767 0.761489 0.0242964 0.0366817
0 0.24549 0.850734 0.0113554 0.0172432
0 0.266273 0.831404 0.00971703 0.0192429
0 0.317074 0.89247 0.00784536 0.0227993
0 0.327962 0.924896 0.0132574 0.0232151
0 0.306024 0.904548 0.0149779 0.0210598
0 0.0707792 0.564757 0.013801 0.0171452
0 0.040066 0.288538 0.0408862 0.0238092
0 0.2903 0.865006 0.0173124 0.0289959
0 0.278239 0.879767 0.0161199 0.0140734
0 0.331182 0.986514 0.0182061 0.0185394
0 0.23821 0.481022 0.0336251 0.0467057
0 0.033335 0.552966 0.0134461 0.0173759
0 0.283033 0.858164 0.0209429 0.0220299
0 0.015863 0.407494 0.0313524 0.0378374
0 0.26485 0.535657 0.0441133 0.0643747
0 0.286574 0.864304 0.0238551 0.0298843
0 0.199255 0.777975 0.020151 0.0195975
0 0.308429 0.946164 0.00985966 0.0135643
0 0.211289 0.736237 0.0143042 0.0153333
0 0.152034 0.675117 0.0150759 0.0155782
0 0.336955 0.656536 0.0345536 0.0611502
0 0.167914 0.391394 0.0247457 0.0415628
0 0.217545 0.826495 0.0188945 0.0173805
0 0.159361 0.389384 0.0405427 0.046318
0 0.269713 0.540345 0.0347136 0.0539641
0 0.131081 0.613388 0.01573 0.0156851
0 0.0862625 0.592267 0.0118085 0.0109858
0 0.202811 0.435607 0.0430645 0.0515739
0 0.221319 0.803635 0.0228362 0.0160936
0 0.15313 0.781527 0.0123696 0.0182082
0 0.151229 0.373805 0.0383139 0.0301876
0 0.340838 0.661064 0.0439891 0.06247
0 0.226018 0.803524 0.0201406 0.0165106
0 0.118456 0.651226 0.0174605 0.0142171
0 0.382434 0.981008 0.0332908 0.0243896
0 0.142657 0.639198 0.0137496 0.0147353
