0 0.0501917 0.80407 0.0353117 0.0265499
0 0.582177 0.409516 0.0137799 0.0241589
0 0.458544 0.593967 0.0191555 0.0171498
0 0.703738 0.472746 0.0131487 0.0233082
0 0.120455 0.65075 0.0329426 0.0281608
0 0.165231 0.733257 0.0270699 0.0129219
0 0.699451 0.707968 0.0133349 0.0265329
0 0.0760985 0.638364 0.027777 0.0313979
0 0.636241 0.824882 0.0201624 0.0264699
0 0.354194 0.545869 0.0202453 0.0184875
0 0.672957 0.558493 0.0111336 0.0177404
0 0.435116 0.486742 0.0110605 0.0243275
0 0.927365 0.753762 0.0102916 0.0131841
0 0.250474 0.859552 0.0138997 0.0212021
0 0.355159 0.934209 0.0106889 0.0168938
0 0.196864 0.757944 0.017071 0.0116582
