0 0.969388 0.591325 0.00757706 0.0200153
0 0.965572 0.792358 0.00826187 0.0216946
0 0.982492 0.666589 0.0174725 0.0329146
0 0.994514 0.454069 0.0109724 0.0260638
0 0.955003 0.738805 0.00948868 0.0245913
0 0.988162 0.975623 0.0157799 0.026849
0 0.99531 0.36118 0.00937943 0.0300667
0 0.956197 0.736224 0.0109723 0.0206375
0 0.97475 0.85646 0.0156822 0.0188728
0 0.994 0.737608 0.00977554 0.0187595
0 0.965113 0.25165 0.0152931 0.0199497
0 0.976957 0.855477 0.0147873 0.0180988
0 0.927198 0.495053 0.0125349 0.0140188
0 0.972574 0.909322 0.0111099 0.0192844
0 0.910194 0.818032 0.0171356 0.014279
0 0.972578 0.914267 0.00949371 0.0296248
0 0.940707 0.401562 0.0141763 0.0160465
