0 0.792941 0.42706 0.0211716 0.0199612
0 0.965424 0.629888 0.0163927 0.0244037
0 0.879603 0.679814 0.0148272 0.0195629
0 0.916495 0.674482 0.0179639 0.0219293
0 0.821824 0.451326 0.017786 0.0212482
0 0.794423 0.19167 0.0382594 0.055701
0 0.894653 0.363749 0.0385029 0.0566695
0 0.961527 0.478607 0.0366844 0.0426728
0 0.91096 0.714533 0.0139998 0.0248902
0 0.837942 0.58841 0.0164249 0.0193279
0 0.82928 0.640826 0.011888 0.018532
0 0.753471 0.437799 0.0169633 0.0213549
0 0.818241 0.507906 0.0184322 0.0204826
0 0.670678 0.148486 0.0171967 0.0211817
0 0.826744 0.248301 0.0353114 0.0584296
0 0.859908 0.307741 0.0336331 0.0510796
0 0.754986 0.125207 0.0349949 0.0432202
0 0.992603 0.720169 0.0129785 0.022608
0 0.989884 0.679926 0.0152194 0.0240558
0 0.92972 0.424337 0.0406062 0.0573107
0 0.644361 0.280981 0.0127644 0.0157953
0 0.844573 0.515887 0.0151728 0.0213834
0 0.753721 0.440349 0.0172985 0.032147
0 0.847236 0.561307 0.0113331 0.0189613
0 0.751175 0.476092 0.0175713 0.0211346
0 0.749581 0.474242 0.0154475 0.0194383
0 0.87366 0.60895 0.0179298 0.0272032
0 0.794613 0.528531 0.010491 0.0175056
0 0.709589 0.399456 0.0182842 0.0182716
0 0.726587 0.505308 0.0178209 0.0229351
0 0.752574 0.473852 0.0185772 0.0202641
0 0.827688 0.638815 0.0161044 0.0215742
0 0.823718 0.539883 0.0143587 0.0177643
0 0.816531 0.55703 0.0113358 0.0145994
0 0.774599 0.487826 0.0203007 0.0211745
0 0.872164 0.754223 0.0145119 0.0186037
0 0.85483 0.652286 0.0162744 0.0245152
0 0.879568 0.607684 0.0249943 0.028208
0 0.667601 0.332751 0.0170372 0.0178634
0 0.758046 0.451919 0.0170171 0.024975
0 0.922752 0.418339 0.0299924 0.0479732
0 0.697978 0.473843 0.0222317 0.024832
0 0.796179 0.539256 0.0112606 0.0126559
0 0.831576 0.535503 0.0176773 0.0178902
0 0.826371 0.537997 0.0148119 0.01717
0 0.995449 0.646362 0.00734482 0.0132429
0 0.730183 0.451917 0.0147303 0.0203113
0 0.795448 0.570582 0.00985298 0.00958633
0 0.892307 0.606424 0.02143 0.0256602
0 0.88146 0.604154 0.0248714 0.0248786
0 0.620518 0.254877 0.0159692 0.0173314
