0 0.344038 0.655224 0.0252066 0.0204862
0 0.42904 0.693379 0.0251459 0.0201315
0 0.450938 0.645132 0.0256126 0.02489
0 0.381751 0.549292 0.021548 0.0201369
0 0.278376 0.542481 0.021783 0.0235294
0 0.267823 0.633725 0.0180881 0.0177201
0 0.401568 0.856959 0.0183349 0.0238953
0 0.356893 0.58466 0.0237688 0.0228209
0 0.474486 0.730134 0.0304948 0.0177089
0 0.306941 0.105195 0.00879211 0.0204242
0 0.254922 0.414562 0.0107752 0.0223897
0 0.303419 0.474137 0.0208532 0.0232866
0 0.405853 0.589454 0.0231934 0.0209566
0 0.254812 0.155954 0.00667992 0.0202879
0 0.248221 0.602949 0.0147234 0.0159773
0 0.294268 0.146176 0.00840721 0.0225824
0 0.282893 0.24265 0.00791695 0.0186432
0 0.305455 0.435058 0.0158551 0.0243503
0 0.102898 0.604317 0.0300666 0.0362627
0 0.627745 0.741776 0.0150497 0.0105595
0 0.434548 0.597157 0.0125185 0.0177648
0 0.861454 0.93449 0.0294987 0.0197296
0 0.269053 0.443891 0.0083449 0.0193315
0 0.530728 0.627304 0.0146513 0.0115118
0 0.215649 0.042065 0.00861139 0.0210195
0 0.311825 0.529687 0.0146424 0.0169386
0 0.49076 0.698111 0.0176685 0.0143969
0 0.30674 0.653385 0.0182132 0.0147194
0 0.238326 0.225078 0.0152802 0.0248331
0 0.25111 0.512527 0.0139048 0.024251
0 0.30969 0.610339 0.023971 0.0160404
0 0.226936 0.105381 0.0156903 0.0185017
0 0.304159 0.00755901 0.0307063 0.015118
0 0.249368 0.552075 0.0136154 0.0175419
0 0.311355 0.612275 0.0249399 0.0173257
0 0.300893 0.202338 0.0125786 0.0262118
0 0.270057 0.353348 0.0172251 0.0142369
0 0.256448 0.469616 0.0182801 0.0226617
0 0.257473 0.472555 0.0176315 0.0217564
0 0.278697 0.0639702 0.0154664 0.0348725
0 0.249821 0.467457 0.0170937 0.0192735
0 0.343763 0.506255 0.0257301 0.0234985
0 0.333868 0.147005 0.00908432 0.012253
0 0.160084 0.0679793 0.0175225 0.01425
0 0.4462 0.892491 0.015337 0.0106522
0 0.279088 0.06995 0.0120738 0.0317224
0 0.22237 0.156966 0.0111623 0.0130437
0 0.562108 0.640547 0.0133469 0.0108494
0 0.269272 0.06118 0.0228318 0.03273
0 0.726163 0.77008 0.0133263 0.00851303
0 0.325539 0.411059 0.0126315 0.0129278
0 0.355408 0.49871 0.0193434 0.017573
