0 0.306937 0.855173 0.00879688 0.0204418
0 0.2548 0.905953 0.00670643 0.0202769
0 0.294274 0.89616 0.00843624 0.0225807
0 0.219274 0.591335 0.00733366 0.0201958
0 0.265124 0.603382 0.0113709 0.0223431
0 0.243628 0.737841 0.00877102 0.0189207
0 0.307199 0.507515 0.00877949 0.0190142
0 0.329767 0.0575759 0.00863209 0.0173171
0 0.215646 0.792024 0.00857254 0.0210154
0 0.282175 0.0322722 0.0102013 0.0214545
0 0.367285 0.33183 0.010952 0.0187085
0 0.301437 0.455925 0.0115725 0.0212511
0 0.2452 0.454356 0.0102462 0.0248846
0 0.343593 0.664955 0.00729588 0.0153092
0 0.279537 0.227529 0.00780621 0.0232112
0 0.238372 0.975215 0.015551 0.024929
0 0.248039 0.36146 0.0137406 0.0296357
0 0.323665 0.0964096 0.0174433 0.0290134
0 0.283061 0.991304 0.00878134 0.0158669
0 0.232543 0.667843 0.0166517 0.0340862
0 0.368653 0.618864 0.0063345 0.0130047
0 0.331579 0.12507 0.0118766 0.0242443
0 0.353917 0.68313 0.00871353 0.0150192
0 0.205035 0.738822 0.00915585 0.0244791
0 0.284683 0.124689 0.00888046 0.0263952
0 0.308842 0.0194387 0.00925474 0.00978158
0 0.380406 0.345407 0.00867397 0.0173034
0 0.227074 0.85531 0.0154856 0.0184457
0 0.371649 0.470442 0.0149456 0.0278688
0 0.369126 0.639992 0.00687897 0.013396
0 0.206125 0.736201 0.0106001 0.0206591
0 0.224844 0.856399 0.0156963 0.0188757
0 0.300939 0.952421 0.0125143 0.0263546
0 0.38981 0.421143 0.00960369 0.0138539
0 0.38114 0.398238 0.0120387 0.013068
0 0.328804 0.458118 0.00738499 0.0170088
0 0.372048 0.667355 0.00984165 0.0167155
0 0.296657 0.154946 0.010771 0.0138132
0 0.177408 0.495019 0.0121472 0.013688
0 0.215113 0.251642 0.014911 0.0195177
0 0.300888 0.0622286 0.0129142 0.0200533
0 0.278894 0.81393 0.0152863 0.0346463
0 0.296738 0.745983 0.0136335 0.0251494
0 0.306831 0.63785 0.0185978 0.0274947
0 0.333904 0.896957 0.00912441 0.012215
0 0.342646 0.375652 0.00736313 0.0149446
0 0.359124 0.599596 0.0081147 0.0189386
0 0.369757 0.121772 0.016659 0.0154487
0 0.350734 0.153867 0.0130275 0.0275836
0 0.331428 0.120147 0.0148277 0.0277924
0 0.341922 0.305595 0.0262791 0.0174085
0 0.383993 0.631004 0.0108739 0.0093927
0 0.263548 0.00723957 0.0123044 0.0144791
0 0.222358 0.906932 0.0112072 0.0129321
0 0.33277 0.232635 0.019504 0.0264
0 0.344657 0.37154 0.00862743 0.0178315
0 0.329706 0.192441 0.00832039 0.0189485
0 0.279248 0.820302 0.0118455 0.0313664
0 0.348021 0.639939 0.00994633 0.0224763
0 0.160351 0.818024 0.0165882 0.0140903
0 0.284745 0.383954 0.0127522 0.0227914
0 0.359898 0.59785 0.0102962 0.012923
0 0.332684 0.303469 0.0410599 0.0206521
0 0.269174 0.810958 0.022463 0.0323849
0 0.325454 0.159314 0.0124021 0.0191455
0 0.33135 0.297301 0.0263374 0.0202818
0 0.314037 0.746332 0.0138681 0.0230759
0 0.328257 0.462219 0.00863186 0.0242181
0 0.32504 0.0986854 0.0226632 0.0331793
0 0.314266 0.753244 0.0138241 0.0240456
0 0.305471 0.391545 0.0179549 0.0219053
0 0.290349 0.188167 0.0078986 0.0232637
0 0.256677 0.515322 0.0200299 0.0352421
0 0.336856 0.232609 0.0161228 0.0248396
0 0.347387 0.637411 0.00959419 0.0176218
