0 0.0569216 0.855301 0.00919832 0.0207106
0 0.0151904 0.603123 0.0118315 0.0231211
0 0.0442953 0.896143 0.00872452 0.0226064
0 0.057212 0.507425 0.00877504 0.0193636
0 0.02927 0.22746 0.00835024 0.0243213
0 0.051307 0.45608 0.0119065 0.0215031
0 0.0797411 0.0575747 0.00862447 0.017232
0 0.117268 0.331817 0.0110119 0.0188191
0 0.0321653 0.0325386 0.0102161 0.0216616
0 0.11863 0.618848 0.00666895 0.0132529
0 0.0936591 0.66495 0.00745994 0.0154694
0 0.0349163 0.124489 0.00923489 0.0273591
0 0.103774 0.683221 0.00908367 0.0152391
0 0.00458498 0.906035 0.00821777 0.0193695
0 0.073299 0.0961791 0.0167929 0.0285622
0 0.0816107 0.125248 0.0116526 0.0240156
0 0.119167 0.639896 0.00713345 0.013611
0 0.121663 0.47047 0.0151403 0.0280815
0 0.130373 0.345426 0.00870857 0.0173648
0 0.0330175 0.991524 0.00924588 0.0167751
0 0.05631 0.636672 0.0205438 0.02676
0 0.122209 0.667309 0.0103205 0.0173828
0 0.0588151 0.0193558 0.00910695 0.00967652
0 0.0466444 0.154832 0.0109697 0.013723
0 0.0508138 0.952776 0.0128993 0.0272747
0 0.139755 0.421186 0.00970015 0.0140165
0 0.131139 0.398274 0.0121591 0.0131951
0 0.0786781 0.458287 0.00765458 0.017464
0 0.0507514 0.0622794 0.0131073 0.0201869
0 0.0402093 0.187885 0.00815936 0.0241358
0 0.109218 0.599548 0.00834866 0.0188885
0 0.13406 0.630953 0.011308 0.00967613
0 0.083946 0.897058 0.0093282 0.0125854
0 0.0926367 0.375587 0.00734968 0.0150662
0 0.109955 0.598031 0.0105056 0.0134411
0 0.119973 0.121738 0.0171173 0.0156517
0 0.0346545 0.385169 0.0138405 0.0255061
0 0.0283999 0.813737 0.015175 0.0361091
0 0.0919209 0.305608 0.0262874 0.017537
0 0.0946933 0.371429 0.00867872 0.0178351
0 0.0826758 0.232577 0.0195795 0.0264627
0 0.0781789 0.462192 0.00879066 0.024396
0 0.0815448 0.120428 0.0145667 0.0270258
0 0.0796748 0.192556 0.00820699 0.0191406
0 0.10073 0.154037 0.0131089 0.0281015
0 0.0981027 0.639802 0.0102165 0.022559
0 0.0827564 0.30345 0.0408312 0.0208944
0 0.0813475 0.297365 0.0257597 0.0204811
0 0.0337476 0.389176 0.0137586 0.0274459
0 0.0754477 0.159313 0.0124347 0.0190829
0 0.0893348 0.550327 0.0175095 0.0147631
0 0.0553405 0.391647 0.018145 0.0222263
0 0.00880913 0.518602 0.0176183 0.0438231
0 0.0868577 0.232563 0.016115 0.0248715
0 0.0353227 0.0911469 0.00998515 0.02168
0 0.0135115 0.0072571 0.0123799 0.0145142
