0 0.0688509 0.142522 0.0334724 0.0245283
0 0.0389721 0.272074 0.044209 0.0198943
0 0.650666 0.142793 0.0252419 0.0174275
0 0.631142 0.0294083 0.0326435 0.0122743
0 0.517661 0.592456 0.0337812 0.0572252
0 0.638786 0.110902 0.0191128 0.0175175
0 0.691281 0.023047 0.0254445 0.00974901
0 0.786306 0.0758978 0.0198597 0.0159949
0 0.755487 0.0107371 0.0161257 0.017884
0 0.857412 0.0527779 0.024897 0.0174151
0 0.668794 0.228219 0.0195918 0.016464
0 0.0169149 0.100073 0.0331396 0.015373
0 0.874126 0.272188 0.0285328 0.0194956
0 0.827777 0.426416 0.0404167 0.0772577
