0 0.205246 0.883328 0.0195264 0.0185148
0 0.227881 0.902853 0.0183674 0.0220227
0 0.212601 0.860845 0.0204871 0.0227875
0 0.271096 0.578353 0.00923878 0.0304039
0 0.2326 0.936627 0.0201442 0.0182312
0 0.192416 0.899302 0.0208589 0.020739
0 0.213547 0.91869 0.0170082 0.0187176
0 0.52314 0.72607 0.027755 0.0207787
0 0.193942 0.929241 0.0260934 0.0263998
0 0.171544 0.964491 0.0364132 0.0323357
0 0.458957 0.909301 0.0216818 0.0110744
0 0.0713589 0.515725 0.0743079 0.0761994
0 0.233757 0.87318 0.0236415 0.0270303
0 0.236695 0.87037 0.0265127 0.0265453
0 0.193745 0.983355 0.0178263 0.0184549
0 0.54658 0.65818 0.0455982 0.0336743
0 0.206174 0.966934 0.0167377 0.0233435
0 0.265303 0.822937 0.0342835 0.0324059
0 0.207404 0.939752 0.02315 0.0262573
0 0.268289 0.857671 0.023207 0.0236912
0 0.241205 0.833959 0.0240474 0.020652
0 0.261068 0.827153 0.0316113 0.0279639
0 0.211464 0.92111 0.0174836 0.0216942
0 0.271079 0.885715 0.0295136 0.0284502
0 0.134517 0.966301 0.0191111 0.0224716
0 0.156568 0.982111 0.0231588 0.021431
0 0.189748 0.9283 0.0209562 0.0243655
0 0.260299 0.854671 0.0277064 0.0236333
0 0.190294 0.961632 0.0271176 0.0268841
0 0.201286 0.934166 0.0266128 0.0328435
0 0.28137 0.890587 0.0339896 0.0319954
0 0.291491 0.899038 0.0198898 0.0224739
